79669.9231955
86267.6741023
72260.3536063
75132.4076591
68932.6029133
71197.8334109
67782.5377845
69379.5774142
67383.7075589
68477.8018832
67207.1847961
68004.1538835
67138.9553793
67708.2593906
67131.6639349
67524.4769139
67132.1110908
67413.7101218
67138.8498146
67339.825439
67149.7850063
67290.8306578
67158.7620789
67259.2257454
67166.0293808
67237.7802259
67172.3205075
67223.1274388
67177.1443727
67213.319452
67180.751138
67206.5975774
67183.5491209
67201.9331032
67185.6323889
67198.7420929
67187.1593956
67196.5257186
67188.2983339
67194.9793758
67189.1321605
67193.9036296
67189.7403781
67193.1507382
67190.1847358
67192.6213741
67190.5078832
67192.2503552
67190.7423803
67191.9887961
67190.912902
67191.8044272
67191.0360872
67191.6743361
67191.1253299